NaN NaN NaN NaN NaN NaN NaN NaN NaN NaN
NaN 17.30 15.70 15.36 15.90 17.00 17.60 16.59 15.23 15.03
NaN 16.90 16.03 15.51 15.75 16.59 17.16 16.63 15.48 15.10
NaN 16.16 15.86 15.56 15.55 15.77 16.16 16.62 16.03 15.48
NaN 14.74 14.70 15.10 15.18 14.84 14.79 15.81 15.96 15.49
NaN 15.44 14.66 15.04 15.40 15.33 14.85 15.41 15.31 15.35
NaN 17.05 16.48 16.33 16.46 16.57 16.54 16.35 15.32 15.24
NaN 16.91 17.55 17.31 16.83 16.66 17.46 17.45 16.33 15.49
NaN 15.64 16.60 16.85 16.00 15.48 16.63 17.61 17.05 15.84
NaN 14.40 15.54 15.91 15.02 14.11 15.26 16.79 16.89 15.94
