NaN NaN NaN NaN NaN NaN NaN NaN NaN NaN
NaN 10.00 11.40 12.64 13.80 13.89 14.36 14.46 14.30 13.93
NaN 11.56 12.07 13.03 14.25 14.61 14.76 14.33 13.78 13.99
NaN 13.66 13.29 13.83 15.00 15.78 15.72 14.71 13.74 14.17
NaN 15.59 15.07 14.95 15.73 16.86 16.98 15.70 14.33 14.70
NaN 14.94 15.02 14.95 15.56 16.85 17.60 17.01 15.73 15.85
NaN 13.85 14.51 14.83 15.37 16.10 17.27 17.52 16.95 16.59
NaN 15.43 15.17 15.30 15.25 15.23 15.96 16.43 16.52 16.17
NaN 19.08 17.34 16.38 15.40 15.34 15.30 15.06 14.99 15.35
NaN 19.86 18.46 16.89 15.50 15.94 15.97 15.19 14.64 15.30
